[array([0.193873, 0.348642]), array([0.125028, 0.706016]), array([0.586471, 0.735744, 0.044887]), array([0.626189, 0.457045, 0.086279, 0.869376]), array([0.738478, 0.341978, 0.497678, 0.402775]), array([0.465991, 0.297246, 0.506673, 0.798397, 0.058303]), array([0.057604, 0.491372, 0.247716, 0.21774 , 0.419925, 0.731085]), array([0.585494, 0.602356, 0.195554, 0.053327, 0.289456, 0.422152,
       0.660623, 0.679865])]
[array([0.193873, 0.348642]), array([0.125028, 0.706016]), array([0.586471, 0.735744, 0.044887]), array([0.626189, 0.457045, 0.086279, 0.869376]), array([0.738478, 0.341978, 0.497678, 0.402775]), array([0.465991, 0.297246, 0.506673, 0.798397, 0.058303]), array([0.057604, 0.491372, 0.247716, 0.21774 , 0.419925, 0.731085]), array([0.585494, 0.602356, 0.195554, 0.053327, 0.289456, 0.422152,
       0.660623, 0.679865])]
[array([0.193873, 0.348642]), array([0.125028, 0.706016]), array([0.586471, 0.735744, 0.044887]), array([0.626189, 0.457045, 0.086279, 0.869376]), array([0.738478, 0.341978, 0.497678, 0.402775]), array([0.465991, 0.297246, 0.506673, 0.798397, 0.058303]), array([0.057604, 0.491372, 0.247716, 0.21774 , 0.419925, 0.731085]), array([0.585494, 0.602356, 0.195554, 0.053327, 0.289456, 0.422152,
       0.660623, 0.679865])]
[array([0.000852, 0.019615]), array([0.754418, 0.963375]), array([0.162977, 0.418159, 0.571131]), array([0.407267, 0.425681, 0.357999, 0.312398]), array([0.128449, 0.9925  , 0.940784, 0.969227]), array([3.8510e-03, 8.1210e-03, 2.1452e-02, 7.7182e-02, 1.0000e-06]), array([0.483222, 0.315206, 0.696037, 0.560638, 0.241474, 0.752907]), array([0.021351, 0.216783, 0.017537, 0.296125, 0.813116, 0.347253,
       0.139374, 0.558314])]
[array([0.826252, 0.8145  ]), array([0.757994, 0.737195]), array([0.999745, 0.812448, 0.151386]), array([0.361206, 0.429352, 0.315361, 0.33737 ]), array([0.04594 , 0.981325, 0.974149, 0.999988]), array([0.318386, 0.32892 , 0.545503, 0.907816, 0.037242]), array([0.45278 , 0.113549, 0.739987, 0.454034, 0.076982, 0.866848]), array([0.05101 , 0.272444, 0.017048, 0.189426, 0.798445, 0.343908,
       0.227888, 0.561456])]
[array([0.825044, 0.83331 ]), array([0.777398, 0.976694]), array([0.968584, 0.55088 , 0.335599]), array([0.364099, 0.417706, 0.331029, 0.331449]), array([0.073603, 0.960833, 0.96323 , 0.999998]), array([0.391766, 0.367967, 0.501224, 0.766221, 0.157925]), array([0.001914, 0.382304, 0.421486, 0.127816, 0.188823, 0.765956]), array([0.067091, 0.284733, 0.026969, 0.162053, 0.768378, 0.313102,
       0.258024, 0.55358 ])]
[array([0.245924, 0.469973]), array([0.782977, 0.109445]), array([0.435129, 0.492539, 0.66649 ]), array([0.462056, 0.402248, 0.253831, 0.360289]), array([0.015508, 0.986277, 0.99961 , 0.94283 ]), array([0.333517, 0.44857 , 0.401418, 0.737025, 0.088651]), array([0.113604, 0.276076, 0.5295  , 0.238804, 0.226123, 0.746188]), array([0.042423, 0.241128, 0.012869, 0.451975, 0.745894, 0.47505 ,
       0.236615, 0.525209])]
[array([0.642817, 0.950723]), array([0.767318, 0.923609]), array([0.999999, 0.391643, 0.999999]), array([0.325571, 0.436836, 0.415467, 0.32745 ]), array([0.089847, 0.992739, 0.999998, 0.973453]), array([0.037367, 0.052953, 0.077556, 0.150675, 0.022257]), array([0.00948 , 0.203107, 0.511137, 0.248854, 0.201111, 0.702664]), array([0.019228, 0.235069, 0.033835, 0.569814, 0.747401, 0.624528,
       0.213099, 0.560945])]